
Starting int
23702
1053
795
808
731
755
786
696
679
697
681
1581
747
636
728
747
707
629
640
837
739
692
713
700
686
643
681
674
666
650
667
732
739
3628
667
664
653
643
644
718
711
679
663
711
632
758
657
668
655
693
721
2348
695
641
628
753
740
653
802
677
660
737
653
1107
1000
4190
780
800
727
679
691
641
992
1185
816
728
1248
685
690
722
680
623
797
705
672
676
659
659
1179
768
766
826
661
752
671
1242
1583
1148
832
809
Starting float
11415
785
824
714
761
648
1594
877
3529
710
698
702
811
676
740
640
1148
797
902
830
753
634
845
689
667
904
759
780
1576
1035
664
696
654
2949
721
721
615
712
1203
707
687
1413
775
702
903
721
712
800
690
2435
803
679
800
606
626
777
656
818
708
1150
856
899
695
687
689
693
700
2160
668
858
766
1196
802
668
689
636
1181
6674
734
712
705
734
607
780
665
4549
668
676
766
646
720
700
918
4456
802
686
1160
794
689
1184
Starting double
12084
1001
831
882
965
845
1330
920
747
680
815
688
679
1017
823
3082
851
652
875
680
708
736
907
731
691
788
791
1124
814
738
768
691
874
760
684
805
4517
740
1215
694
937
750
962
828
789
777
919
742
718
743
784
694
731
849
664
1551
672
680
782
1518
682
761
687
750
1658
660
1019
842
818
797
1186
918
790
1237
3868
921
801
717
825
776
717
705
709
690
1017
820
1327
961
1225
733
734
834
780
868
1234
972
707
783
989
743
Starting long
12359
822
1121
750
760
665
967
1193
822
1153
764
880
849
826
814
866
688
744
2449
659
1029
717
752
746
4406
741
902
797
763
799
742
806
699
755
805
2037
896
809
816
698
736
817
704
807
749
692
820
685
771
711
821
838
788
1126
2545
736
1029
870
955
1036
733
843
883
900
730
796
694
816
5832
712
699
640
850
717
728
718
3198
820
966
1243
757
668
726
883
764
770
704
720
728
659
1052
756
737
725
683
1172
684
623
2878
803
Starting str len 1024
15340
2730
923
981
799
839
1337
1206
973
846
915
872
844
3739
1037
1802
5131
1916
2514
1634
908
840
3696
909
880
1079
927
1904
5799
4209
3936
3890
926
861
1039
839
847
854
889
1735
876
4394
1540
2709
825
1840
1276
1047
2021
2770
853
886
2809
3171
5794
2551
911
1004
842
1422
822
3943
1037
5714
956
883
1786
860
3918
1178
1129
1849
1042
2454
1027
932
1288
942
1098
950
890
842
876
2968
14653
854
814
896
3931
804
788
1019
1375
1861
3860
887
828
777
1786
2443
Starting str len 2048
2757
2422
3018
3323
2073
1031
925
1928
986
3199
3377
2906
1045
1280
1696
1026
6193935
2415
1714
17784
2575
5555
1270
1214
1163
1010
1634
1048
1640
1316
1215
1092
1072
1020
1297
1148
1288
993
3567
3616
1167
1053
1010
1332
1012
867
949
1052
1121
1156
1128
981
980
1145
3153
936
1555
5069
944
1032
923
970
1231
1126
1138
1016
992
955
961
1563
1191
931
1155
1131
1072
1503
980
3426
3342
976
3787
1494
1137
875
1382
916
1335
1061
1197
3618
1341
1083
1079
1021
1039
971
1334
3515
1025
1409
Starting str len 4096
1247
1087
1238
4277
1224
1710
1342
1164
1118
1750
1315
1112
1010
959
5319
1142
1108
1134
7560
2110
1583
1357
1423
4134
1171
1413
1138
1085
1013
4129
4246
1675
1105
4425
1169
1641
1460
1505
2950
1042
1076
1361
1200
1126
1188
4344
3942
1101
1119
1005
1084
4923
1486
1061
6211
5771
2320
5130
1920
2563
3993
2096
4338
2003
2296
2209
2113
3324
2495
2243
2550
25132
4934
2365
1985
2416
1305
1182
1060
1128
1117
3708
3589
1153
1213
1063
1114
1072
1095
984
1004
4196
4084
1226
1122
1053
1008
1574
1171
1232
Starting str len 8192
1836
8322
1701
7684
5342
1260
2139
1492
10957
1482
1563
1461
1425
1354
1643
1268
2547
1892
1718
1677
9332
2062
1431
7772
1699
1510
1330
1489
1517
1547
1315
1389
1939
1303
8058
1336
1423
2146
7995
1577
1504
1593
16015
1421
3155
3261
3069
3341
3831
3654
2505
1848
8154
1756
1265
2213
1578
2012
1927
1747
1516
1607
11235
2049
1644
8128
2020
1638
1358
1424
1513
1313
8567
1862
1699
1270
1369
1931
1359
2984
2017
8535
1861
1683
8640
1896
1441
7829
2072
1328
1588
7583
1347
1647
8298
1619
1592
2073
10389
1736
Starting str len 16384
2322
10785
16286
13289
6410
3065
2161
9822
2910
2362
2041
10329
2055
4623
2696
2035
11030
2401
11160
2581
3504
3304
2309
10520
2921
12093
3087
2410
2252
17043
2930
2542
2457
1827
2361
9658
2342
2587
3454
9929
3452
6688
2185
3081
40456
2953
2212
2005
2548
10369
1904
2317
11167
3010
3004
2501
2206
2080
10727
10688
2371
2987
2430
2596
2066
1862
10716
10725
2586
2460
2720
14115
3185
3237
2917
2686
2075
10551
2537
2649
2210
2462
10091
10438
6020
10814
2851
2556
2443
10652
1947
10172
2714
2983
2402
2005
10751
2878
1908
10444
Starting str len 32768
7727
2035453
8144
7983
8160
7324
7785
7790
7807
7814
8389
7459
8193
7786
7421
7548
8534
90128
7755
6914
8410
7296
7815
7915
7994
7800
7671
8211
17575
7412
7998
7810
773336
7760
8064
7499
8132
10544
7506
7457
7495
7690
7852
7643
7342
7048
7398
7425
6625
6884
7738
7722
17153
14290
7312
7934
7921
7687
8295
15373
15060
7526
7698
8773
8248
7006
7541
7363
15345
7163
7454
7680
7813
7585
9930
7572
8050
8076
8134
7232
8564
8046
17378
7771
7687
15236
7758
7517
7846
8324
8055
8031
7638
15828
7947
16130
14701
7576
7476
7463
Starting str len 65536
14697
26536
14362
120638
14090
15191
13652
13108
13813
15533
14978
20420
23261
15029
13874
42633
31596
13333
30422
14245
13984
15623
14967
17005
16136
21136
14537
22060
14931
14905
14241
22771
19334
14074
13692
25943
13514
13304
18615
15962
13432
13668
14031
16762
13369
13806
16978
16483
24491
13146
16559
13630
15497
14191
16503
15936
13942
13804
13953
16185
13124
13955
14249
16410
25175
22492
15907
15625
13524
15113
14825
14533
16104
28838
15171
14937
14764
24181
14138
13753
14459
15657
14584
14230
14404
17254
23126
14452
22310
13938
13828
14717
16735
24504
16973
17376
14500
14251
14414
14846
Starting str len 131072
27279
33894
53642
29318
27076
51199
27566
30728
30508
25247
45213
27606
35012
31353
28726
36223
26590
38845
36078
23516
30784
31590
384369
29197
26296
36384
28387
26481
38583
24195
28333
31338
356770
26761
35064
30623
28431
29697
30929
29589
40905
27827
28802
32696
27934
33690
28704
34161
52886
27483
28912
28057
25886
37043
27995
40713
29167
30308
269264
27355
29267
29222
27242
30705
32214
117093
29327
38288
45967
29773
38083
43620
31965
40371
35964
222163
35928
30342
32364
52085
28481
36068
28466
28025
27470
28331
29015
28657
28153
215672
29815
29575
31668
27725
41528
37906
25854
27794
37642
30399
Starting str len 262144
97305
63748
64579
62130
73090
58789
66075
141833
67936
64654
62007
75795
63006
69638
63458
61389
74802
73238
93713
64407
71887
62070
69419
74378
65071
74151
61306
79148
65148
71088
65571
65026
64265
97239
69761
71740
93094
65233
63429
88732
64824
72283
93707
67315
69475
64867
72405
62258
100591
64907
62645
78534
62494
66034
70982
65079
65137
65853
71610
100450
69385
65113
100638
78577
65619
80859
65463
64636
63090
63972
63918
100961
68644
66411
76026
63200
68472
280141
64092
79399
77060
71828
65024
65534
72901
64124
63585
63732
66341
525196
62360
74653
100916
64596
66559
93592
64666
72039
97679
72906
Starting str len 524288
122132
194899
122863
135054
134778
138186
139340
142360
139514
144380
653963
139391
141008
138667
144264
239956
139798
145001
310356
144965
147546
479860
147369
144534
141471
144878
143088
142174
144330
200846
144029
146203
136396
144354
214265
143998
147742
481886
133585
133277
359415
133920
134856
150830
163323
212980
147528
144225
465009
166132
145622
149463
146488
146037
138436
144718
314064
145150
142295
133342
145813
216800
145470
148271
195847
146528
148070
313678
148179
145976
137187
148045
202917
132951
145482
600233
145042
144879
140762
150583
171985
142599
148054
604511
151691
153052
124504
135109
452969
144245
147384
145773
145161
151662
133646
134677
141480
139341
140496
141897
