
Starting int
24751
1558
1259
1250
960
891
1117
778
737
758
2541
776
815
770
776
751
2665
905
1080
731
809
816
755
730
2681
736
747
688
688
665
718
736
714
4483
885
689
683
904
1077
638
757
1614
670
926
635
777
658
674
796
795
673
634
923
882
787
1142
771
688
3314
898
2612
720
742
1001
751
666
661
749
680
702
722
744
708
670
687
1687
761
750
937
1023
742
720
748
710
927
673
1094
704
910
773
784
1063
801
705
924
759
630
674
711
733
Starting float
17584
824
708
875
1034
916
713
809
767
771
702
796
694
964
1169
714
3487
667
633
649
1215
796
594
1114
804
890
1223
767
749
723
689
676
1279
743
889
779
1102
792
682
737
719
730
744
721
825
3632
834
683
704
740
743
731
942
1125
789
684
1063
832
768
838
719
814
815
699
745
4158
801
965
878
724
656
891
755
1106
1123
741
816
1141
934
827
773
789
641
1198
919
782
1053
978
787
793
690
933
691
984
921
720
922
658
739
2765
Starting double
17029
911
1259
836
746
1776
735
762
1179
909
1065
969
847
915
1161
752
1298
1059
936
985
1240
977
762
2486
673
3315
864
1342
782
997
876
1209
973
1176
769
1042
1709
788
709
1242
793
806
716
794
2506
1138
929
3058
872
5082
787
760
823
797
766
736
6409
803
803
762
713
674
1508
1101
780
794
1233
2194
850
797
821
715
702
782
799
1322
912
760
1201
692
772
706
717
976
906
4491
875
736
730
731
733
795
715
931
897
783
1224
720
731
941
Starting long
14663
894
856
926
1216
910
1002
1205
855
849
761
1207
850
1126
1000
858
870
803
1034
759
1017
788
1129
774
828
1004
822
965
1935
793
687
785
699
750
10124
672
1134
804
1152
1102
791
1021
1317
816
776
758
713
1162
647
910
763
1101
873
1042
794
895
705
894
761
794
788
781
941
1196
710
758
752
824
728
694
785
732
682
701
693
733
873
3898
732
1066
668
932
770
3007
1101
1107
785
1050
872
812
840
1072
3438
777
806
766
718
747
794
736
Starting str len 1024
13183
11354
4093
1549
1031
875
3167
3235
1154
3048
1042
1082
994
886
946
878
2691
2436
908
912
977
916
1001
1725
3884
905
942
864
1172
925
1002
1306
1992
917
1984
2041
3873
983
9161
2745
982
868
1017
1294
1272
941
1767
3913
3223
954
4428
6281
1151
1869
3450
2221
3359
2417
962
1032
984
866
1098
796
1215
1268
922
955
1390
1900
2901
888
1074
916
3524
3473
967
2211
930
12525
928
1231
981
1336
987
987
900
1946
1239
1005
951
866
936
910
866
1810
4928
2131
4044
1244
Starting str len 2048
2335
1103
1077
20752
1076
5480
1297
2105
1085
1919
2043
974
1029
2183
2742
1555
1256
4381
2413
1099
1021
976
3211
4228
1209
1360
984
1046
1086
999
964
1104
1065
5204
1171
1022
5126
1038
1397
3660
1253
1304
1282
3687
1061
1051
1093
984
998
1091
3261
1074
973
1050
1214
1227
1077
1600
1245
988
3026
944
899
1062
991
1036
4096
1470
1148
1275
3378
1210
1147
1189
1103
1187
1246
1253
1029
1061
1029
935
1080
1521
1118
1205
1141
3290
1110
1084
1165
1131
1286
3072
3477
1071
1154
981
1083
1024
Starting str len 4096
1301
1777
1110
1142
6060
1203
1560
1014
4079
1187
1100
1663
1087
1247
4675
1221
1134
1162
1128
1359
4785
1345
4913
1321
1284
1273
1252
1057
1045
4015
1085
1061
1371
1659
4530
1297
4345
1241
1158
4144
1349
1324
4092
4255
1283
1372
1171
1257
1121
1119
1322
1068
4124
4150
1392
2148
5022
2197
2565
2396
2101
3720
2044
2469
2204
2468
2286
2407
2441
3075
3309
1721
1598
1905
2281
17941
1503
1225
1079
1071
1039
1058
3857
4355
1485
1134
1225
1123
1206
1101
1120
1057
3953
4278
1250
1335
1230
1247
1058
1097
Starting str len 8192
1629
7804
2269
1398
1529
8197
9067
1500
1786
1751
1346
8232
7997
1732
7308
1483
8238
3286
4905
3955
1482
8401
1859
1501
1302
1355
1800
1593
1379
1399
1766
1360
1792
1709
1498
1849
1567
1808
8464
1754
8335
1540
8527
1739
1552
1954
38899
6099
2306
4305
1736
1962
1554
1507
8205
1971
1336
7841
1771
1397
1592
1458
1654
1477
1349
1540
1435
10776
11413
1614
1468
1764
1715
1616
1669
1521
8366
1584
1456
1303
10445
1516
1807
2078
1422
1537
1347
1713
8348
1368
1543
1681
1500
8213
1723
1575
1514
1806
1351
1534
Starting str len 16384
2137
11238
12452
4928
3937
7227
2557
11056
2785
2989
13859
2824
2672
2407
11644
2294
2906
2044
11245
2569
22581
2193
12387
3624
2714
7000
2754
8773
11391
2225
2009
11400
2611
2568
2546
4331
3190
3720
3680
3734
2416
2625
2153
11070
2872
2581
2507
10522
2588
3032
10898
2288
2672
2732
2050
11409
2519
11548
2793
3094
8662
11714
2744
2870
3342
2390
12473
2538
11154
7437
3966
2819
2989
2767
10922
2616
2631
2271
11269
2216
2889
11065
2696
2626
2179
2805
10797
2391
2459
2501
11843
2412
2674
2294
14670
2673
2406
2342
11485
2739
Starting str len 32768
8255
8683
8165
7902
8403
8031
7134
8164
7460
7721
9894
10287
10040
35779
7695
8146
17431
18218
8226
7876
8159
7901
7766
8174
7708
16215
8162
9836
7404
8008
8047
7490
831144
7637
7846
7222
8129
8131
8040
7563
8130
7459
7599
17078
8322
8055
18019
75216
8871
7889
7522
8410
8279
7676
8098
7748
15830
14113
7690
8558
7997
7357
8064
8095
7511
7378
7689
7971
7148
7606
7668
8010
11053
16041
8485
7527
10334
7189
9566
7826
7675
7587
9487
16800
7683
7650
7325
7969
8889
8740
8235
7800
7892
430316
8315
7235
7659
7946
7468
7858
Starting str len 65536
14677
16990
15655
15014
12370
13856
14111
16610
13390
14738
15182
26843
12564
13296
13432
13772
17509
13500
14638
27977
20016
14388
13568
17007
16856
46845
14232
13367
14534
16187
23379
13177
17157
16087
13445
23378
13831
15653
29277
21571
12908
14271
13752
14205
13762
13975
13267
13835
13701
14232
23827
14299
15922
16565
23495
13750
13983
15254
14030
13450
22585
14261
14968
16101
14361
14388
13489
14122
15667
12343
15214
13308
14740
19989
11530
13552
13640
13325
13377
14150
16766
14319
14356
14083
13652
16077
14193
24876
13489
13425
15011
15823
14106
14008
15627
13460
13672
21662
15059
20339
Starting str len 131072
31925
30074
29407
45572
36572
28342
30427
28119
28208
31066
26831
29989
32758
30947
56740
29128
31791
28737
29129
34566
36377
35481
208280
37082
29973
29485
26646
40290
31369
39519
29755
30413
36101
32132
33282
30139
30240
45334
194104
41231
30602
30052
29388
30897
28715
41452
28245
28937
30329
169663
37402
34338
28654
25300
33460
29247
30130
37641
29687
34566
30820
39902
51225
29743
32836
28789
31383
27706
30248
28566
34283
38804
29639
28491
40849
36351
31185
29495
32504
34018
39647
29591
31445
63393
29018
30936
39730
30362
29473
40740
158100
28112
40933
29339
29341
32470
29544
34064
28584
28111
Starting str len 262144
58094
70113
57927
111342
74328
74985
133474
71750
69828
119891
73733
65191
71956
83414
74248
301954
67816
71322
299506
63850
65061
65068
75752
73255
65941
74354
98748
63915
69778
146096
64406
65501
502851
71416
73201
93006
63563
67840
93270
66097
63384
99965
66067
74029
99724
63364
61831
86963
65362
64369
102538
64877
63730
72739
68822
64334
845419
71456
65084
78849
62802
69188
57937
65574
66015
59224
73904
65048
65327
73353
94552
63990
63750
109260
66110
71901
71029
63313
65582
97949
82862
67277
97038
71385
63869
92180
66865
64388
83371
71785
63307
100302
71335
69151
91819
71283
69944
85751
64526
68383
Starting str len 524288
124891
145705
137734
158381
145763
139013
227537
136014
142162
271903
143368
147269
139548
147244
299293
144264
147795
495705
144261
149330
185655
148543
145347
137753
147862
149365
143611
148161
759958
145134
148025
156931
147378
147824
141094
146828
415714
142789
150197
142529
144702
206794
143301
165180
567311
147235
143830
140241
145557
209441
145920
148189
674537
141024
136661
134706
131184
160451
136233
134386
768231
136255
152520
140076
145969
538039
151108
143893
493682
149553
164688
140085
148092
205877
145645
146192
364887
146952
145995
143211
146569
756401
144889
144525
546041
144175
144401
143948
146436
146319
145337
154724
476626
147395
147735
137869
147202
146161
147511
149964